186 57 50 -240 183 -22 105 -102 223 46 78 -199 -103 -205 -150 196 -103 -1 70 1 0 -122 -142 19 70 -46 -197 165 224 -107 -133 139 -119 96 -153 249 93 129 -252 71 153 91 -239 225 88 250 1 117 -103 -94 139 -53 228 -218 90 -94 160 -12 155 123 117 204 174 -43 
181 -225 -200 -59 -117 -48 -126 146 -158 -13 -142 -173 -238 88 155 -156 61 -93 -217 -132 97 -165 -71 174 -47 135 211 -245 1 -171 -153 -106 -30 222 -113 -136 181 -5 235 195 -233 -243 -81 188 61 129 206 -180 57 -71 -26 -5 65 88 2 -171 -237 -39 -213 29 -23 -250 77 142 
221 123 206 141 -139 -94 157 -97 74 -255 6 84 84 85 -21 -65 -134 -41 -96 -27 15 142 3 88 -11 142 46 -102 -147 -174 -11 185 -167 -194 -34 247 130 206 156 -101 -109 208 -188 38 104 -196 161 -227 -136 252 -120 230 189 5 146 -156 89 -220 244 -229 79 -5 -116 -244 
48 -168 -54 46 50 35 60 84 208 -52 70 -179 201 -14 -118 92 77 -207 -72 64 206 -116 34 94 206 -230 -15 174 -75 33 -113 19 -37 -220 99 -4 69 -63 108 -144 12 -113 153 -75 247 64 170 16 216 -146 -181 205 -29 -187 166 -212 10 -28 -190 -235 -152 247 234 -219 
157 -174 -113 22 73 -166 253 12 135 216 123 54 194 76 -33 62 -48 127 -201 5 64 108 82 -177 149 94 13 47 125 -180 -202 40 172 162 197 189 200 -243 102 -111 170 -252 -198 -37 -241 -207 152 54 82 -66 107 65 89 -188 80 -218 -233 48 35 -82 199 204 79 234 
213 -103 -187 -12 -18 130 -200 -97 5 54 -34 99 134 -67 39 46 106 170 -211 221 205 223 232 -160 -188 -208 253 239 -197 243 -103 186 176 247 -76 239 -76 -49 6 -241 96 87 -133 240 -93 70 36 172 -251 -119 199 -139 16 254 245 24 67 -188 178 184 -219 94 -36 202 
157 192 131 -149 -241 71 136 -224 136 -27 -62 -11 -205 -81 54 188 -171 33 53 13 -65 -120 -249 -177 -206 120 5 15 106 -156 -229 145 -79 224 79 155 -177 47 171 -206 -27 120 123 -194 -232 -73 -110 -1 27 103 -89 233 -170 -153 -142 -14 -18 147 162 59 -92 -192 -215 119 
237 193 63 197 -239 -65 -48 -65 248 101 -77 -81 66 195 -243 48 203 -108 226 -236 -34 -123 -183 183 22 195 4 -180 99 34 -78 -44 -169 93 4 237 44 -124 71 139 75 223 -97 -161 -227 12 80 109 -135 -172 -87 -97 72 -164 142 145 50 -66 -108 118 91 -177 -120 20 
180 160 -73 208 -207 135 -117 -174 209 240 -238 104 -164 -139 -219 233 -35 36 -100 -86 -229 30 127 115 -60 43 -181 181 -11 150 229 -25 -227 -130 -139 -148 -209 39 221 -172 -49 -27 152 -76 -58 185 127 -245 75 227 201 -233 72 -31 -3 -188 -63 232 -178 193 -7 50 -223 161 
62 176 -199 -32 -212 201 -197 -213 -60 125 -39 -21 -63 237 -48 -116 -87 -85 152 -213 -175 -140 -67 95 45 151 -58 231 -178 -89 41 -43 159 -203 23 -129 246 115 204 2 6 218 -228 53 -200 105 -38 -153 98 165 -251 172 39 -71 29 -190 -6 -50 -173 -166 -253 -128 161 116 
192 -221 130 -208 166 -205 230 250 105 -76 -141 -156 -220 117 209 250 -220 -74 -105 246 238 7 130 60 131 166 80 190 -136 225 -103 -230 -208 242 -243 57 254 78 -75 -132 29 -239 207 110 172 -196 -222 -32 -39 -63 -209 85 223 23 156 212 136 54 -116 -162 -43 27 -128 227 
-42 -165 -110 129 -80 236 -112 -67 69 90 -131 220 -31 62 107 -238 -167 -27 -197 -181 83 -190 107 -50 -94 97 196 -232 -18 -6 47 49 246 241 59 -93 -199 99 -32 -125 -61 117 72 -117 -231 255 0 -62 -30 -54 110 -76 -189 -236 -224 64 49 130 -238 115 165 39 -141 -146 
-21 206 -200 148 -242 9 147 0 11 5 229 44 189 -215 8 224 -213 250 -28 245 -217 227 -17 64 -208 206 115 240 163 151 196 -84 -39 -165 -46 41 140 -17 -197 243 5 170 216 45 -48 85 238 231 -150 177 -203 195 19 -244 -134 -60 -42 225 139 -247 241 -174 -29 101 
146 -110 -143 -232 85 244 -82 -7 126 245 216 -1 -76 -84 -62 60 234 36 159 -122 -193 -11 201 20 -53 -151 84 37 -57 -208 255 46 -2 249 -79 94 -164 -133 -2 -77 -219 189 -230 222 56 20 -94 211 -160 78 61 244 -13 -236 254 -146 -233 232 -184 -189 32 -108 -49 18 
-196 169 -197 101 -100 84 43 86 179 74 -38 -84 10 48 151 68 -7 136 -2 -209 -67 -236 -232 40 182 -84 -113 -16 -15 -126 -60 10 194 51 -206 -76 -184 -95 3 -132 75 196 179 -232 -6 56 -207 183 47 188 107 -153 -35 -158 81 131 67 -236 25 -187 188 98 -210 69 
-123 229 -222 197 236 -246 -69 234 25 -48 -186 153 -27 149 -63 198 75 218 92 93 -135 237 -1 -70 -122 110 201 82 37 17 180 129 24 -137 232 -203 -180 75 -151 158 139 -231 95 -80 100 160 64 -164 -64 216 145 170 -5 70 197 -208 227 -157 81 -105 -86 -226 72 -24 
15 -109 -177 207 -145 -218 160 26 105 -123 241 -48 -69 -142 -150 114 -83 248 -41 -219 -107 72 177 34 -1 84 -115 -55 -94 92 226 196 -53 82 -58 121 211 -20 187 -150 -54 -202 -29 217 -41 3 -42 -129 213 -149 149 67 -70 -143 -51 -251 10 -204 158 -60 182 104 -243 -51 
-90 -114 129 -103 205 -137 231 -1 250 34 -130 249 12 222 207 -137 129 -233 -201 233 -243 -91 -137 -181 91 94 -7 74 160 230 225 190 -213 77 -78 -156 -207 -168 76 10 14 -33 -97 170 -35 84 149 146 115 -229 -250 -236 -84 -187 238 -130 -201 76 113 -205 -83 -143 106 -161 
216 97 135 132 -114 20 28 103 -88 -230 -48 76 -100 -218 94 33 -197 -148 117 -89 -246 -202 -12 -46 -15 12 118 -80 25 219 83 -168 -123 210 141 -203 65 164 44 250 -167 92 26 -114 234 6 -249 135 -5 -187 86 146 -224 106 -39 -134 150 212 -26 198 -76 149 -70 172 
113 228 235 -18 -48 1 -239 -235 17 -75 -156 75 -31 147 18 -88 -243 -146 12 173 -194 -193 254 -162 -46 245 -45 79 -43 108 189 196 -194 89 -114 -222 111 -64 42 246 -157 249 -232 117 76 -9 79 -162 80 -193 -123 60 3 175 242 55 5 -10 229 -10 64 149 154 234 
98 -147 -251 -38 39 -42 111 25 -216 163 115 242 209 -181 214 -25 -126 -67 -95 -224 -81 -109 -140 43 -227 14 84 1 219 58 75 149 8 -122 -18 -58 111 -98 -101 -121 156 170 -158 156 18 -68 -170 247 -80 -240 -126 -42 -84 102 -199 -251 -254 -23 215 -33 119 -87 67 -107 
-49 143 162 12 128 44 -216 178 -233 198 225 -21 149 -28 103 101 142 -242 241 21 176 174 -19 -100 -54 -142 -131 -170 35 -94 186 143 21 -163 199 36 -225 -139 254 113 0 -8 26 232 -219 17 -42 56 -205 -245 -130 -165 66 -137 -37 227 38 -92 -5 -10 254 192 187 244 
-66 102 166 154 171 -114 -133 -101 -118 244 -84 241 68 69 -125 -96 -182 97 29 207 1 -31 144 31 32 59 187 -79 -55 74 61 -200 76 -20 0 25 -130 -151 184 149 -29 -127 47 193 145 99 141 -162 -112 173 -11 -91 208 71 117 -18 -79 -153 -98 -77 8 21 -164 62 
-117 -221 -119 132 150 217 50 -190 79 58 -17 26 58 37 -220 -3 221 35 33 -245 144 18 149 -1 249 199 171 -173 44 -116 77 -77 -243 186 252 163 -88 -110 -229 -99 138 -86 12 232 6 0 183 119 176 199 85 241 50 -192 -140 -128 -65 156 -219 232 -157 106 192 -59 
47 128 -157 0 -38 -59 145 153 251 -234 236 4 154 230 142 7 -122 132 -183 205 -186 -73 -188 -94 79 -155 -118 88 -18 49 -85 -138 199 146 24 219 181 -178 235 -178 -77 -173 197 -72 75 -194 63 36 15 239 79 229 97 -236 167 -212 -248 -39 -138 -73 -83 189 115 126 
139 -134 139 102 190 110 -9 -34 48 -225 -111 252 31 155 36 -27 -20 -249 188 -162 -65 223 -215 -160 -220 -192 55 14 -217 29 -35 87 95 -109 8 71 -187 -164 -133 233 -229 157 82 -206 246 -187 241 137 -93 -192 -252 -19 62 146 -55 213 137 -34 81 206 229 -132 91 21 
189 230 -246 -189 -5 -8 161 167 -65 152 -66 12 98 29 196 -6 98 210 -230 -158 -244 -111 94 -131 -55 -46 177 -227 151 32 238 40 5 255 -89 -195 -54 179 -36 4 -254 -191 -46 106 -51 -43 -75 -134 81 -176 212 -79 225 160 -26 179 8 -220 249 -117 192 67 -34 209 
-177 -38 166 239 -69 18 -38 -217 -20 10 128 -153 30 0 -104 212 223 -127 75 193 -169 -85 80 181 -71 67 67 57 15 -129 8 93 -103 138 -49 208 137 -13 133 -83 242 -53 -35 -213 -45 231 -208 42 55 181 213 31 175 242 185 -238 -27 -67 -242 -153 -177 89 -112 106 
-38 110 -218 -205 45 239 166 -143 23 -216 214 -212 -191 -250 165 157 203 -38 -121 -142 -92 38 -244 -114 100 -73 124 14 150 132 122 -218 -207 -92 -58 216 -91 60 145 -105 56 -137 247 -70 -161 -34 -38 -236 -11 232 -85 123 -173 121 16 -85 -94 105 -227 122 238 -95 -236 -163 
134 -75 -165 -67 -32 149 -57 213 7 -67 -73 -209 102 -233 -131 -59 -154 135 197 -126 -201 -35 137 227 -122 -93 -201 -65 -234 55 -140 32 65 -59 -83 -127 111 -237 170 -54 59 13 -221 -150 140 206 -6 182 -130 216 -33 81 162 58 4 -45 -63 -87 130 -135 65 -74 -122 59 
-169 -198 210 -140 -188 -183 -171 -2 -188 -40 -144 50 236 -15 102 -74 169 179 104 -184 32 255 245 -95 124 39 83 -161 175 46 225 -10 -209 59 -8 81 -97 -109 -230 -100 21 40 57 -143 -10 -209 -163 -18 65 -166 10 -219 142 144 215 -252 -209 220 -230 127 131 94 178 222 
-242 172 -7 -249 122 78 -34 -83 -92 184 -247 -163 62 -181 253 -10 -208 -197 246 -88 231 -179 136 175 -134 95 13 -169 -11 -104 167 -203 20 -228 -198 -71 -91 89 -124 -255 -84 24 44 140 -91 -68 78 -204 -47 -251 255 159 36 -177 -131 -235 -28 60 -66 47 251 94 -31 -2 
207 213 -110 241 -220 -247 -80 87 41 170 -162 18 -25 -238 124 -110 -199 17 157 91 129 -73 -189 -201 11 -103 -89 35 237 127 198 166 15 232 -207 64 27 182 -62 94 -28 -170 115 108 145 253 25 49 -209 22 47 -177 105 -127 -242 -224 -214 -183 -249 47 23 86 164 -223 
56 -36 -20 253 100 -52 112 239 179 188 -62 -15 -188 202 41 -4 -218 -198 155 -249 28 69 62 -132 -199 9 -189 -183 165 85 -202 -100 -226 -50 -216 242 97 98 -153 175 -214 92 134 254 -126 -236 195 149 -7 31 -99 64 215 76 169 9 28 -229 92 -30 58 96 116 -177 
-144 223 -60 -118 -126 -185 -89 -230 49 4 -103 -106 165 55 217 -122 -12 -238 -172 3 -57 -177 115 -143 197 104 -151 138 -198 167 87 -28 98 -51 75 -124 -238 -75 50 -17 -207 -13 53 -117 83 -223 -183 109 -133 74 183 69 168 -81 157 241 105 -14 1 -16 39 -87 44 136 
38 -76 208 -180 -188 39 -34 -195 29 -178 -145 120 101 6 190 -179 249 159 -238 -67 15 14 -143 245 -86 216 -76 -23 -239 12 -146 164 179 0 -217 -161 206 -210 -230 -249 28 17 -22 -28 36 130 183 -234 239 166 120 -4 138 -86 -97 -136 161 -160 -223 48 235 -134 -199 172 
95 108 -171 -95 -244 -44 219 -113 6 227 -94 91 123 78 -233 -209 173 154 -67 41 85 135 221 -202 204 250 -6 -232 -243 -45 199 -202 -219 220 -133 -7 -167 147 -11 -18 -198 116 123 -27 151 98 181 -2 -236 -155 15 19 246 44 249 -124 242 -139 -139 -26 -143 -201 -171 39 
-107 93 -51 -197 191 -101 -6 121 203 -126 204 112 129 -76 67 200 -249 171 -63 205 59 177 -67 139 203 97 -211 -99 196 52 -103 229 -110 240 133 -197 -189 206 231 -121 -244 3 248 72 -39 -126 161 -121 -239 -103 62 -167 158 -23 21 -242 -128 34 141 12 60 -74 -223 -79 
-198 -2 -72 -51 121 28 41 -113 156 193 67 -213 -116 -50 160 -167 120 209 173 -23 57 -134 150 161 151 -199 104 212 46 192 -16 155 -94 110 -245 198 -116 173 74 4 195 91 -196 25 -190 -34 182 -27 -105 -163 223 -88 -28 -140 129 223 191 -51 -220 -171 227 166 -190 77 
181 -163 -221 -61 52 130 253 -131 -211 -71 40 141 50 135 175 -236 247 131 -43 -208 156 -55 -203 19 -77 146 -151 120 -159 72 -150 -152 -120 -125 97 133 -166 -39 109 129 -126 232 31 177 -188 -250 -15 166 217 -227 -90 220 -252 76 -243 -138 96 -233 -92 -245 20 -148 107 13 
-23 134 177 159 -218 -52 40 -3 156 -41 -158 -26 109 35 -36 -214 151 20 217 -99 63 -197 0 236 19 1 53 148 247 -102 -48 -16 -101 -118 -244 -165 -47 86 -15 177 -62 -199 218 150 34 93 34 38 -236 -81 -199 -85 -235 -195 -234 -1 -4 62 -230 -192 29 -1 192 -80 
28 -37 48 -92 -120 125 -187 249 -143 -203 -210 60 -28 132 38 -97 -188 46 11 -189 4 -121 -42 -76 157 -37 -138 -31 -152 253 143 88 -189 18 123 -210 27 -240 -128 106 -206 241 72 152 136 -234 -33 190 -198 106 -216 -222 183 69 36 90 -217 17 216 -119 -150 -4 -26 -69 
151 -245 132 -162 -87 98 97 158 -243 -176 -126 -109 -184 -93 -144 0 72 76 224 -3 -152 -145 -102 50 -162 47 -165 220 109 -34 0 -11 224 100 71 -83 -200 -50 -65 41 -185 131 12 -243 60 -115 -122 -235 249 -13 -111 -110 -22 -114 191 117 -252 12 -110 233 83 -244 -216 -203 
176 244 0 -12 -242 -220 101 -127 -155 67 -163 -64 207 -112 -254 -73 47 28 79 -237 204 -220 154 -221 150 116 -209 -14 -130 -165 67 231 145 -49 51 -96 -250 -69 252 -26 46 -73 -16 -231 53 23 -117 -106 146 164 -70 94 76 -28 -34 -33 178 105 2 89 -96 167 -9 -151 
-109 -224 -81 -43 157 -138 -30 119 97 77 33 -72 -62 -72 27 -29 -61 43 -89 172 111 -142 -81 109 230 226 -186 -53 -14 12 152 15 227 124 140 -46 18 -125 -6 -203 48 -102 233 210 230 22 93 20 -63 -247 193 242 18 222 -97 -70 241 51 213 33 87 -226 18 -140 
201 -124 75 47 90 103 -223 -208 202 208 100 -220 59 158 52 79 112 228 48 -222 -48 204 101 -152 -19 110 3 89 -235 220 166 131 -166 20 125 -49 -221 -117 -18 60 -25 128 -90 -247 -235 -48 57 233 -91 110 -230 116 -111 70 24 -243 150 -58 -237 198 24 215 233 191 
-109 37 -12 -167 214 137 -226 17 166 -173 173 -81 222 -88 37 -4 -127 67 231 -74 -74 86 -97 65 -133 -190 -22 -122 -39 46 -103 -6 -169 193 72 57 19 -247 -214 -83 234 43 100 108 -74 85 221 206 32 13 -91 79 25 139 225 -232 40 229 -172 -143 -88 -60 32 -232 
-165 56 8 58 -116 -250 188 -247 -83 69 9 -168 119 -147 39 -239 4 78 -165 -83 130 -224 -55 66 194 173 145 107 121 100 233 198 243 18 174 129 220 137 -190 -252 240 -48 133 117 28 -114 180 -179 -190 227 110 -125 -176 -64 129 59 -40 -40 174 -130 -40 -236 37 208 
-199 -143 -220 29 -212 219 60 34 -59 103 135 -205 75 -74 -214 29 -50 -220 -216 -83 -52 55 -175 208 -191 -80 252 82 -69 235 163 -67 -158 194 -108 105 -228 -150 107 12 -53 -16 136 -209 -233 172 -133 158 25 249 193 -177 253 19 126 -60 7 105 -218 248 75 -76 98 64 
28 249 34 -135 -9 -130 18 121 196 -197 123 188 -173 -38 53 28 171 -239 -22 39 -183 -226 -74 144 -187 -98 210 195 -34 97 235 -246 -209 -79 -26 111 -229 -207 -247 182 96 -19 -161 27 17 -192 -201 237 -61 163 -212 122 166 192 43 -163 61 147 164 253 -183 33 246 -211 
-198 -235 215 129 -15 -195 -154 -60 32 82 -148 107 -23 -228 -14 43 77 8 -10 -245 -79 -114 127 -50 -234 154 167 212 17 244 -134 -254 92 235 184 -29 101 -202 227 -91 -175 -73 -224 150 -241 209 -115 -36 -38 -185 -40 -18 -111 -5 -154 -74 -44 -84 -170 3 249 124 -137 -114 
-243 -74 133 208 -180 16 90 19 -234 -146 -253 -242 -242 126 83 147 203 -175 -194 -30 98 84 213 164 -123 -23 203 211 135 -135 -232 -132 -206 59 -119 200 193 113 220 68 51 -68 1 26 -207 186 -126 -235 92 113 241 -67 -13 87 205 87 85 199 39 101 234 19 -72 0 
-141 -95 69 -34 -180 -238 -10 -32 -112 128 97 28 -154 -36 167 219 -109 -203 -171 216 -38 -249 47 9 -95 56 61 -76 132 -211 212 -135 208 215 99 -202 -198 56 234 -16 -182 198 135 -238 -98 17 239 16 72 8 -242 114 -17 92 -34 -139 -184 12 67 1 -107 166 -134 -46 
30 -136 -87 -51 248 -149 76 34 -226 -56 177 240 -179 -8 35 207 21 148 -86 119 -42 170 127 181 -235 132 166 88 -154 -66 -114 71 162 241 237 216 254 -106 -239 -81 14 -246 -9 -182 -137 221 26 -198 6 64 22 -105 2 120 203 -80 235 -20 -241 -253 231 71 9 -29 
-252 -61 155 46 -44 82 -63 229 161 245 -54 -192 -9 12 -97 95 -81 -73 147 -73 177 -246 -127 -148 -198 -106 -20 222 22 -206 -134 -164 204 0 149 -157 -31 39 241 -247 -141 -194 136 242 18 -93 -212 -139 -166 157 -73 -236 2 184 -39 -137 252 200 134 187 -207 149 109 115 
156 28 28 -6 -189 -65 12 -155 224 -91 -253 -136 -253 172 -67 -74 109 6 -121 232 173 13 41 -78 15 150 243 142 -225 -23 -223 -172 -167 103 6 162 148 -48 156 -120 -53 49 136 -21 142 205 161 -243 32 -197 -236 -81 235 -251 -70 51 -237 14 43 17 -21 -119 -181 -253 
-158 21 248 -19 141 -13 -101 23 -147 -62 8 87 68 164 100 84 -31 70 230 -24 35 -22 -31 -163 -242 -146 241 76 -192 -83 177 -3 -191 -81 -107 144 -185 -96 -25 -82 137 -111 158 185 152 86 -152 184 52 77 -251 160 -222 -64 200 75 110 98 221 -195 187 -63 -136 21 
137 -221 -201 24 -177 180 -18 23 188 136 -163 -137 121 -71 194 178 224 31 40 -155 -16 -147 -134 108 -81 113 75 12 64 -247 67 -167 254 -62 -83 36 97 -20 -164 -216 -68 -2 -191 -178 118 158 164 -236 160 -71 -184 239 -160 33 -26 -91 122 9 -159 -120 -170 -119 -135 -20 
-249 76 140 -181 82 -237 -190 213 145 -106 -213 203 -254 -237 189 188 -87 -17 228 209 -231 -65 174 -45 -199 -162 -194 -164 -8 -183 -59 64 88 -167 -237 91 165 -112 -57 159 82 167 191 50 89 194 -75 120 -199 135 -54 42 -151 55 -180 4 7 23 -229 195 231 -63 126 154 
57 252 -90 164 -37 89 38 -232 -71 -121 243 -239 -184 -128 226 -245 -118 -56 -87 87 52 -248 -176 -75 81 -23 -28 -146 -144 120 123 15 -210 -255 -237 202 -173 109 35 -70 175 -47 17 48 -126 -96 -25 247 166 55 65 -72 -45 0 211 222 143 60 61 -200 221 -108 -165 -213 
92 145 -238 101 105 -177 102 -67 -5 -74 -87 -1 -231 162 180 24 -251 38 21 -85 -204 -217 -146 88 226 59 -94 92 -133 -218 208 205 -195 -92 -132 208 -101 233 236 -163 -5 -187 142 82 174 -76 182 250 8 155 49 -40 193 -216 201 -27 228 168 191 228 -12 -9 -192 47 
40 -91 -150 56 7 -123 139 2 -5 -159 -68 212 162 -165 -75 -138 -135 34 -231 -105 -85 13 -228 -112 78 -89 229 94 -197 155 132 164 -62 -172 -208 3 -142 252 44 -148 -103 213 -79 21 -115 -210 100 -44 184 139 196 -128 34 55 -66 -203 29 253 -96 135 17 104 197 162 
-134 -222 10 41 153 187 31 20 -250 62 46 230 -238 177 244 2 -68 -192 -188 249 59 -10 125 -211 -112 -204 6 34 203 152 -130 246 150 1 -17 73 122 62 207 9 -130 189 -43 183 -199 -130 -22 -4 -32 -79 115 23 73 133 -74 119 -143 -117 3 14 -93 -191 -174 -94 
-67 176 158 35 72 164 -165 -167 212 -51 -46 205 -150 -228 241 30 -26 -53 -159 -3 160 -19 246 138 -41 24 115 105 -220 230 -136 -71 -124 -36 246 198 145 -3 85 -54 -212 -119 -130 153 -254 -230 105 230 160 66 36 -225 53 -225 -77 85 26 -3 -68 -236 132 116 12 -108 
